forwardEuler 
V1	V2	I
1	0	0	
0.9	0	0.1	
0.81	0.01	0.19	
0.73	0.029	0.27	
0.6599	0.056	0.3401	
0.59951	0.09001	0.40049	
0.54856	0.130059	0.45144	
0.50671	0.175203	0.49329	
0.473559	0.224532	0.526441	
0.448656	0.277176	0.551344	
0.431508	0.33231	0.568492	
0.421589	0.38916	0.578411	
0.418346	0.447001	0.581654	
0.421211	0.505166	0.578789	
0.429607	0.563045	0.570393	
0.442951	0.620084	0.557049	
0.460664	0.675789	0.539336	
0.482176	0.729723	0.517824	
0.506931	0.781505	0.493069	
0.534389	0.830812	0.465611	
0.564031	0.877373	0.435969	
0.595365	0.92097	0.404635	
0.627926	0.961434	0.372074	
0.661276	0.998641	0.338724	
0.695013	1.03251	0.304987	
0.728763	1.06301	0.271237	
0.762188	1.09014	0.237812	
0.794983	1.11392	0.205017	
0.826876	1.13442	0.173124	
0.85763	1.15173	0.14237	
0.88704	1.16597	0.11296	
0.914933	1.17726	0.0850667	
0.941166	1.18577	0.0588337	
0.965627	1.19165	0.0343732	
0.98823	1.19509	0.0117705	
1.00892	1.19627	-0.00891572	
1.02765	1.19538	-0.027651	
1.04442	1.19261	-0.0444236	
1.05924	1.18817	-0.0592424	
1.07214	1.18225	-0.0721351	
1.08315	1.17503	-0.0831461	
1.09233	1.16672	-0.0923347	
1.09977	1.15748	-0.099773	
1.10554	1.14751	-0.105544	
1.10974	1.13695	-0.10974	
1.11246	1.12598	-0.112461	
1.11381	1.11473	-0.113813	
1.1139	1.10335	-0.113905	
1.11285	1.09196	-0.11285	
1.11076	1.08068	-0.110761	
1.10775	1.0696	-0.107752	
1.10394	1.05882	-0.103937	
1.09943	1.04843	-0.0994254	
1.09433	1.03849	-0.0943259	
1.08874	1.02905	-0.0887421	
1.08277	1.02018	-0.0827733	
1.07651	1.0119	-0.0765141	
1.07005	1.00425	-0.070053	
1.06347	0.997247	-0.0634729	
1.05685	0.990899	-0.0568503	
1.05026	0.985214	-0.0502552	
1.04375	0.980189	-0.0437511	
1.03739	0.975814	-0.0373949	
1.03124	0.972074	-0.0312368	
1.02532	0.968951	-0.0253206	
1.01968	0.966419	-0.0196836	
1.01436	0.96445	-0.0143571	
1.00937	0.963014	-0.00936637	
1.00473	0.962078	-0.00473118	
1.00047	0.961605	-0.000465849	
0.99658	0.961558	0.00342026	
0.993078	0.9619	0.00692242	
0.98996	0.962592	0.0100402	
0.987223	0.963596	0.0127769	
0.98486	0.964874	0.0151396	
0.982862	0.966388	0.0171382	
0.981214	0.968102	0.0187856	
0.979903	0.96998	0.0200968	
0.978911	0.97199	0.0210891	
0.978219	0.974099	0.0217812	
0.977807	0.976277	0.0221931	
0.977654	0.978496	0.0223461	
0.977738	0.980731	0.0222619	
0.978037	0.982957	0.0219626	
0.978529	0.985154	0.0214706	
0.979192	0.987301	0.0208082	
0.980003	0.989381	0.0199973	
0.980941	0.991381	0.0190594	
0.981985	0.993287	0.0180154	
0.983115	0.995089	0.0168851	
0.984312	0.996777	0.0156877	
0.985559	0.998346	0.0144413	
0.986837	0.99979	0.0131625	
0.988133	1.00111	0.0118673	
0.98943	1.00229	0.0105699	
0.990716	1.00335	0.00928363	
0.99198	1.00428	0.00802027	
0.99321	1.00508	0.00679041	
0.994397	1.00576	0.00560332	
0.995533	1.00632	0.00446705	
0.996612	1.00677	0.00338837	
BackwardEuler 
Trep
