forwardEuler 
V1	V2	I
1	0	0	
0.99	0	0.01	
0.9801	0.0001	0.0199	
0.9703	0.000299	0.0297	
0.9606	0.000596	0.0394	
0.951	0.00099	0.049	
0.9415	0.00148	0.0585001	
0.9321	0.002065	0.0679003	
0.922799	0.00274401	0.0772007	
0.913599	0.00351601	0.0864012	
0.904498	0.00438002	0.0955021	
0.895497	0.00533505	0.104503	
0.886595	0.00638008	0.113405	
0.877793	0.00751413	0.122207	
0.86909	0.0087362	0.13091	
0.860487	0.0100453	0.139513	
0.851982	0.0114404	0.148018	
0.843577	0.0129206	0.156423	
0.83527	0.0144848	0.16473	
0.827062	0.0161321	0.172938	
0.818953	0.0178615	0.181047	
0.810942	0.019672	0.189058	
0.803029	0.0215626	0.196971	
0.795215	0.0235323	0.204785	
0.787498	0.0255801	0.212502	
0.779879	0.0277051	0.220121	
0.772357	0.0299063	0.227643	
0.764933	0.0321828	0.235067	
0.757605	0.0345335	0.242395	
0.750374	0.0369574	0.249626	
0.74324	0.0394537	0.25676	
0.736202	0.0420213	0.263798	
0.729261	0.0446592	0.270739	
0.722414	0.0473666	0.277586	
0.715664	0.0501425	0.284336	
0.709009	0.0529858	0.290991	
0.702449	0.0558958	0.297551	
0.695983	0.0588713	0.304017	
0.689612	0.0619114	0.310388	
0.683335	0.0650153	0.316665	
0.677152	0.068182	0.322848	
0.671062	0.0714105	0.328938	
0.665066	0.0746998	0.334934	
0.659162	0.0780492	0.340838	
0.653351	0.0814576	0.346649	
0.647632	0.0849241	0.352368	
0.642005	0.0884477	0.357995	
0.636469	0.0920277	0.363531	
0.631025	0.095663	0.368975	
0.625671	0.0993527	0.374329	
0.620408	0.103096	0.379592	
0.615235	0.106892	0.384765	
0.610151	0.11074	0.389849	
0.605157	0.114638	0.394843	
0.600252	0.118587	0.399748	
0.595435	0.122584	0.404565	
0.590707	0.12663	0.409293	
0.586066	0.130723	0.413934	
0.581513	0.134862	0.418487	
0.577046	0.139047	0.422954	
0.572666	0.143276	0.427334	
0.568372	0.14755	0.431628	
0.564164	0.151866	0.435836	
0.560041	0.156224	0.439959	
0.556003	0.160624	0.443997	
0.552049	0.165064	0.447951	
0.548179	0.169543	0.451821	
0.544393	0.174062	0.455607	
0.54069	0.178618	0.45931	
0.537069	0.183211	0.462931	
0.53353	0.18784	0.46647	
0.530073	0.192505	0.469927	
0.526698	0.197204	0.473302	
0.523403	0.201937	0.476597	
0.520188	0.206703	0.479812	
0.517053	0.211501	0.482947	
0.513998	0.216331	0.486002	
0.511021	0.221191	0.488979	
0.508123	0.22608	0.491877	
0.505302	0.230999	0.494698	
0.502559	0.235946	0.497441	
0.499893	0.240921	0.500107	
0.497303	0.245922	0.502697	
0.49479	0.250949	0.50521	
0.492351	0.256001	0.507649	
0.489988	0.261077	0.510012	
0.487699	0.266177	0.512301	
0.485483	0.2713	0.514517	
0.483342	0.276446	0.516658	
0.481273	0.281612	0.518727	
0.479276	0.286799	0.520724	
0.477351	0.292007	0.522649	
0.475498	0.297233	0.524502	
0.473715	0.302478	0.526285	
0.472003	0.307741	0.527997	
0.47036	0.313021	0.52964	
0.468787	0.318317	0.531213	
0.467282	0.323629	0.532718	
0.465846	0.328957	0.534154	
0.464477	0.334298	0.535523	
0.463175	0.339653	0.536825	
0.46194	0.345022	0.53806	
0.46077	0.350402	0.53923	
0.459667	0.355795	0.540333	
0.458628	0.361198	0.541372	
0.457654	0.366612	0.542346	
0.456743	0.372035	0.543257	
0.455896	0.377468	0.544104	
0.455112	0.382909	0.544888	
0.45439	0.388358	0.54561	
0.45373	0.393814	0.54627	
0.45313	0.399276	0.54687	
0.452592	0.404745	0.547408	
0.452113	0.410219	0.547887	
0.451695	0.415698	0.548305	
0.451335	0.421181	0.548665	
0.451033	0.426668	0.548967	
0.450789	0.432157	0.549211	
0.450603	0.437649	0.549397	
0.450474	0.443143	0.549526	
0.4504	0.448639	0.5496	
0.450383	0.454135	0.549617	
0.45042	0.459631	0.54958	
0.450512	0.465127	0.549488	
0.450658	0.470622	0.549342	
0.450858	0.476115	0.549142	
0.451111	0.481606	0.548889	
0.451416	0.487095	0.548584	
0.451772	0.492581	0.548228	
0.45218	0.498063	0.54782	
0.452639	0.503542	0.547361	
0.453148	0.509015	0.546852	
0.453707	0.514484	0.546293	
0.454315	0.519947	0.545685	
0.454971	0.525404	0.545029	
0.455675	0.530854	0.544325	
0.456427	0.536297	0.543573	
0.457226	0.541733	0.542774	
0.458071	0.547161	0.541929	
0.458962	0.55258	0.541038	
0.459898	0.55799	0.540102	
0.460879	0.563391	0.539121	
0.461904	0.568782	0.538096	
0.462973	0.574163	0.537027	
0.464085	0.579534	0.535915	
0.465239	0.584893	0.534761	
0.466436	0.59024	0.533564	
0.467674	0.595576	0.532326	
0.468953	0.600899	0.531047	
0.470272	0.60621	0.529728	
0.471632	0.611507	0.528368	
0.47303	0.616791	0.52697	
0.474468	0.62206	0.525532	
0.475944	0.627316	0.524056	
0.477458	0.632556	0.522542	
0.479009	0.637782	0.520991	
0.480596	0.642992	0.519404	
0.48222	0.648186	0.51778	
0.48388	0.653364	0.51612	
0.485575	0.658525	0.514425	
0.487304	0.663669	0.512696	
0.489068	0.668796	0.510932	
0.490865	0.673905	0.509135	
0.492696	0.678997	0.507304	
0.494559	0.68407	0.505441	
0.496454	0.689124	0.503546	
0.49838	0.69416	0.50162	
0.500338	0.699176	0.499662	
0.502327	0.704172	0.497673	
0.504345	0.709149	0.495655	
0.506393	0.714106	0.493607	
0.50847	0.719042	0.49153	
0.510576	0.723957	0.489424	
0.51271	0.728851	0.48729	
0.514871	0.733724	0.485129	
0.51706	0.738575	0.48294	
0.519275	0.743405	0.480725	
0.521516	0.748212	0.478484	
0.523783	0.752997	0.476217	
0.526075	0.757759	0.473925	
0.528392	0.762498	0.471608	
0.530733	0.767214	0.469267	
0.533098	0.771907	0.466902	
0.535486	0.776576	0.464514	
0.537897	0.781221	0.462103	
0.54033	0.785842	0.45967	
0.542785	0.790439	0.457215	
0.545262	0.795011	0.454738	
0.547759	0.799558	0.452241	
0.550277	0.804081	0.449723	
0.552815	0.808578	0.447185	
0.555373	0.81305	0.444627	
0.55795	0.817496	0.44205	
0.560545	0.821917	0.439455	
0.563159	0.826311	0.436841	
0.56579	0.83068	0.43421	
0.568439	0.835022	0.431561	
0.571105	0.839337	0.428895	
0.573788	0.843626	0.426212	
0.576486	0.847888	0.423514	
0.5792	0.852124	0.4208	
0.581929	0.856332	0.418071	
0.584673	0.860512	0.415327	
0.587432	0.864666	0.412568	
0.590204	0.868791	0.409796	
0.59299	0.872889	0.40701	
0.595789	0.876959	0.404211	
0.598601	0.881001	0.401399	
0.601425	0.885015	0.398575	
0.60426	0.889001	0.39574	
0.607108	0.892959	0.392892	
0.609966	0.896888	0.390034	
0.612836	0.900788	0.387164	
0.615715	0.904659	0.384285	
0.618605	0.908502	0.381395	
0.621503	0.912316	0.378497	
0.624412	0.916101	0.375588	
0.627329	0.919857	0.372671	
0.630254	0.923584	0.369746	
0.633187	0.927281	0.366813	
0.636128	0.930949	0.363872	
0.639076	0.934588	0.360924	
0.642031	0.938197	0.357969	
0.644993	0.941777	0.355007	
0.647961	0.945327	0.352039	
0.650935	0.948848	0.349065	
0.653914	0.952338	0.346086	
0.656898	0.955799	0.343102	
0.659887	0.95923	0.340113	
0.66288	0.962631	0.33712	
0.665878	0.966002	0.334122	
0.668879	0.969344	0.331121	
0.671884	0.972655	0.328116	
0.674891	0.975936	0.325109	
0.677902	0.979187	0.322098	
0.680915	0.982408	0.319085	
0.68393	0.985599	0.31607	
0.686946	0.98876	0.313054	
0.689965	0.99189	0.310035	
0.692984	0.994991	0.307016	
0.696004	0.998061	0.303996	
0.699024	1.0011	0.300976	
0.702045	1.00411	0.297955	
0.705066	1.00709	0.294934	
0.708086	1.01004	0.291914	
0.711106	1.01296	0.288894	
0.714124	1.01585	0.285876	
0.717141	1.01871	0.282859	
0.720157	1.02153	0.279843	
0.723171	1.02433	0.276829	
0.726182	1.0271	0.273818	
0.729192	1.02984	0.270808	
0.732198	1.03255	0.267802	
0.735202	1.03523	0.264798	
0.738202	1.03787	0.261798	
0.741199	1.04049	0.258801	
0.744191	1.04308	0.255809	
0.74718	1.04564	0.25282	
0.750165	1.04817	0.249835	
0.753145	1.05066	0.246855	
0.75612	1.05313	0.24388	
0.75909	1.05557	0.24091	
0.762055	1.05798	0.237945	
0.765014	1.06036	0.234986	
0.767968	1.06271	0.232032	
0.770915	1.06503	0.229085	
0.773856	1.06732	0.226144	
0.776791	1.06958	0.223209	
0.779719	1.07181	0.220281	
0.78264	1.07402	0.21736	
0.785554	1.07619	0.214446	
0.78846	1.07834	0.21154	
0.791359	1.08045	0.208641	
0.79425	1.08254	0.20575	
0.797133	1.08459	0.202867	
0.800007	1.08662	0.199993	
0.802873	1.08862	0.197127	
0.805731	1.09059	0.194269	
0.80858	1.09254	0.19142	
0.811419	1.09445	0.188581	
0.814249	1.09634	0.185751	
0.81707	1.0982	0.18293	
0.819882	1.10002	0.180118	
0.822683	1.10183	0.177317	
0.825474	1.1036	0.174526	
0.828256	1.10534	0.171744	
0.831027	1.10706	0.168973	
0.833787	1.10875	0.166213	
0.836537	1.11041	0.163463	
0.839275	1.11205	0.160725	
0.842003	1.11366	0.157997	
0.84472	1.11524	0.15528	
0.847425	1.11679	0.152575	
0.850118	1.11831	0.149882	
0.8528	1.11981	0.1472	
0.85547	1.12128	0.14453	
0.858129	1.12273	0.141871	
0.860775	1.12415	0.139225	
0.863408	1.12554	0.136592	
0.86603	1.12691	0.13397	
0.868638	1.12825	0.131362	
0.871234	1.12956	0.128766	
0.873818	1.13085	0.126182	
0.876388	1.13211	0.123612	
0.878945	1.13335	0.121055	
0.881489	1.13456	0.118511	
0.88402	1.13574	0.11598	
0.886537	1.1369	0.113463	
0.889041	1.13804	0.110959	
0.891531	1.13915	0.108469	
0.894007	1.14023	0.105993	
0.896469	1.14129	0.103531	
0.898917	1.14233	0.101083	
0.901351	1.14334	0.0986486	
0.903771	1.14432	0.0962288	
0.906177	1.14528	0.0938233	
0.908568	1.14622	0.0914322	
0.910944	1.14714	0.0890556	
0.913306	1.14803	0.0866937	
0.915654	1.14889	0.0843465	
0.917986	1.14974	0.0820141	
0.920303	1.15056	0.0796965	
0.922606	1.15136	0.077394	
0.924894	1.15213	0.0751065	
0.927166	1.15288	0.0728341	
0.929423	1.15361	0.070577	
0.931665	1.15431	0.0683351	
0.933891	1.155	0.0661086	
0.936102	1.15566	0.0638976	
0.938298	1.1563	0.061702	
0.940478	1.15691	0.059522	
0.942642	1.15751	0.0573576	
0.944791	1.15808	0.055209	
0.946924	1.15864	0.053076	
0.949041	1.15917	0.0509589	
0.951142	1.15968	0.0488577	
0.953228	1.16016	0.0467723	
0.955297	1.16063	0.0447029	
0.95735	1.16108	0.0426496	
0.959388	1.16151	0.0406123	
0.961409	1.16191	0.0385911	
0.963414	1.1623	0.0365861	
0.965403	1.16266	0.0345972	
0.967375	1.16301	0.0326246	
0.969332	1.16334	0.0306683	
0.971272	1.16364	0.0287282	
0.973195	1.16393	0.0268045	
0.975103	1.1642	0.0248972	
0.976994	1.16445	0.0230062	
0.978868	1.16468	0.0211317	
0.980726	1.16489	0.0192736	
0.982568	1.16508	0.017432	
0.984393	1.16526	0.0156069	
0.986202	1.16541	0.0137982	
0.987994	1.16555	0.0120061	
0.989769	1.16567	0.0102306	
0.991528	1.16577	0.00847158	
0.993271	1.16586	0.00672914	
0.994997	1.16592	0.00500328	
0.996706	1.16597	0.00329401	
0.998399	1.16601	0.00160133	
1.00007	1.16602	-7.47536e-05	
1.00173	1.16602	-0.00173424	
1.00338	1.166	-0.00337712	
1.005	1.16597	-0.00500339	
1.00661	1.16592	-0.00661307	
1.00821	1.16585	-0.00820615	
1.00978	1.16577	-0.00978264	
1.01134	1.16568	-0.0113425	
1.01289	1.16556	-0.0128859	
1.01441	1.16543	-0.0144126	
1.01592	1.16529	-0.0159228	
1.01742	1.16513	-0.0174165	
1.01889	1.16496	-0.0188936	
1.02035	1.16477	-0.0203542	
1.0218	1.16456	-0.0217983	
1.02323	1.16434	-0.023226	
1.02464	1.16411	-0.0246372	
1.02603	1.16387	-0.0260319	
1.02741	1.16361	-0.0274103	
1.02877	1.16333	-0.0287722	
1.03012	1.16304	-0.0301178	
1.03145	1.16274	-0.0314471	
1.03276	1.16243	-0.03276	
1.03406	1.1621	-0.0340567	
1.03534	1.16176	-0.0353372	
1.0366	1.16141	-0.0366014	
1.03785	1.16104	-0.0378495	
1.03908	1.16066	-0.0390814	
1.0403	1.16027	-0.0402972	
1.0415	1.15987	-0.0414969	
1.04268	1.15945	-0.0426806	
1.04385	1.15903	-0.0438484	
1.045	1.15859	-0.0450002	
1.04614	1.15814	-0.046136	
1.04726	1.15768	-0.0472561	
1.04836	1.1572	-0.0483603	
1.04945	1.15672	-0.0494487	
1.05052	1.15623	-0.0505214	
1.05158	1.15572	-0.0515785	
1.05262	1.15521	-0.0526199	
1.05365	1.15468	-0.0536458	
1.05466	1.15414	-0.0546561	
1.05565	1.1536	-0.055651	
1.05663	1.15304	-0.0566304	
1.05759	1.15247	-0.0575945	
1.05854	1.1519	-0.0585433	
1.05948	1.15131	-0.0594768	
1.0604	1.15072	-0.0603952	
1.0613	1.15011	-0.0612984	
1.06219	1.1495	-0.0621865	
1.06306	1.14888	-0.0630597	
1.06392	1.14825	-0.0639179	
1.06476	1.14761	-0.0647612	
1.06559	1.14696	-0.0655896	
1.0664	1.1463	-0.0664033	
1.0672	1.14564	-0.0672024	
1.06799	1.14497	-0.0679867	
1.06876	1.14429	-0.0687566	
1.06951	1.1436	-0.0695119	
1.07025	1.14291	-0.0702528	
1.07098	1.1422	-0.0709793	
1.07169	1.14149	-0.0716916	
1.07239	1.14078	-0.0723896	
1.07307	1.14005	-0.0730735	
1.07374	1.13932	-0.0737433	
1.0744	1.13859	-0.0743991	
1.07504	1.13784	-0.0750409	
1.07567	1.13709	-0.0756689	
1.07628	1.13633	-0.0762831	
1.07688	1.13557	-0.0768836	
1.07747	1.1348	-0.0774705	
1.07804	1.13403	-0.0780438	
1.0786	1.13325	-0.0786037	
1.07915	1.13246	-0.0791501	
1.07968	1.13167	-0.0796832	
1.0802	1.13087	-0.0802031	
1.08071	1.13007	-0.0807098	
1.0812	1.12926	-0.0812034	
1.08168	1.12845	-0.081684	
1.08215	1.12763	-0.0821517	
1.08261	1.12681	-0.0826065	
1.08305	1.12599	-0.0830486	
1.08348	1.12516	-0.083478	
1.08389	1.12432	-0.0838948	
1.0843	1.12348	-0.084299	
1.08469	1.12264	-0.0846909	
1.08507	1.12179	-0.0850704	
1.08544	1.12094	-0.0854376	
1.08579	1.12009	-0.0857926	
1.08614	1.11923	-0.0861356	
1.08647	1.11837	-0.0864665	
1.08679	1.1175	-0.0867856	
1.08709	1.11664	-0.0870927	
1.08739	1.11577	-0.0873882	
1.08767	1.11489	-0.0876719	
1.08794	1.11401	-0.0879441	
1.0882	1.11314	-0.0882048	
1.08845	1.11225	-0.0884541	
1.08869	1.11137	-0.0886921	
1.08892	1.11048	-0.0889189	
1.08913	1.10959	-0.0891345	
1.08934	1.1087	-0.0893391	
1.08953	1.10781	-0.0895327	
1.08972	1.10691	-0.0897155	
1.08989	1.10602	-0.0898875	
1.09005	1.10512	-0.0900487	
1.0902	1.10422	-0.0901994	
1.09034	1.10331	-0.0903396	
1.09047	1.10241	-0.0904693	
1.09059	1.10151	-0.0905887	
1.0907	1.1006	-0.0906979	
1.0908	1.09969	-0.0907969	
1.09089	1.09879	-0.0908859	
1.09096	1.09788	-0.0909649	
1.09103	1.09697	-0.091034	
1.09109	1.09606	-0.0910933	
1.09114	1.09515	-0.0911429	
1.09118	1.09423	-0.091183	
1.09121	1.09332	-0.0912135	
1.09123	1.09241	-0.0912346	
1.09125	1.0915	-0.0912463	
1.09125	1.09059	-0.0912488	
1.09124	1.08967	-0.0912422	
1.09123	1.08876	-0.0912265	
1.0912	1.08785	-0.0912018	
1.09117	1.08694	-0.0911683	
1.09113	1.08602	-0.091126	
1.09107	1.08511	-0.091075	
1.09102	1.0842	-0.0910153	
1.09095	1.08329	-0.0909472	
1.09087	1.08238	-0.0908707	
1.09079	1.08147	-0.0907858	
1.09069	1.08057	-0.0906927	
1.09059	1.07966	-0.0905914	
1.09048	1.07875	-0.0904821	
1.09036	1.07785	-0.0903648	
1.09024	1.07694	-0.0902396	
1.09011	1.07604	-0.0901067	
1.08997	1.07514	-0.089966	
1.08982	1.07424	-0.0898178	
1.08966	1.07334	-0.089662	
1.0895	1.07245	-0.0894988	
1.08933	1.07155	-0.0893283	
1.08915	1.07066	-0.0891505	
1.08897	1.06977	-0.0889656	
1.08877	1.06888	-0.0887736	
1.08857	1.06799	-0.0885747	
1.08837	1.0671	-0.0883688	
1.08816	1.06622	-0.0881562	
1.08794	1.06534	-0.0879368	
1.08771	1.06446	-0.0877108	
1.08748	1.06358	-0.0874783	
1.08724	1.06271	-0.0872393	
1.08699	1.06183	-0.086994	
1.08674	1.06097	-0.0867424	
1.08648	1.0601	-0.0864847	
1.08622	1.05923	-0.0862208	
1.08595	1.05837	-0.0859509	
1.08568	1.05751	-0.0856751	
1.08539	1.05665	-0.0853935	
1.08511	1.0558	-0.0851061	
1.08481	1.05495	-0.084813	
1.08451	1.0541	-0.0845144	
1.08421	1.05326	-0.0842102	
1.0839	1.05241	-0.0839007	
1.08359	1.05157	-0.0835858	
1.08327	1.05074	-0.0832657	
1.08294	1.04991	-0.0829405	
1.08261	1.04908	-0.0826101	
1.08227	1.04825	-0.0822748	
1.08193	1.04743	-0.0819346	
1.08159	1.04661	-0.0815895	
1.08124	1.04579	-0.0812397	
1.08089	1.04498	-0.0808852	
1.08053	1.04417	-0.0805262	
1.08016	1.04337	-0.0801626	
1.07979	1.04256	-0.0797947	
1.07942	1.04177	-0.0794224	
1.07905	1.04097	-0.0790458	
1.07867	1.04018	-0.0786651	
1.07828	1.0394	-0.0782802	
1.07789	1.03861	-0.0778914	
1.0775	1.03783	-0.0774986	
1.0771	1.03706	-0.077102	
1.0767	1.03629	-0.0767015	
1.0763	1.03552	-0.0762974	
1.07589	1.03476	-0.0758896	
1.07548	1.034	-0.0754783	
1.07506	1.03324	-0.0750635	
1.07465	1.03249	-0.0746453	
1.07422	1.03175	-0.0742238	
1.0738	1.031	-0.073799	
1.07337	1.03027	-0.0733711	
1.07294	1.02953	-0.07294	
1.07251	1.0288	-0.072506	
1.07207	1.02808	-0.0720689	
1.07163	1.02736	-0.071629	
1.07119	1.02664	-0.0711863	
1.07074	1.02593	-0.0707409	
1.07029	1.02522	-0.0702928	
1.06984	1.02452	-0.0698421	
1.06939	1.02382	-0.0693888	
1.06893	1.02313	-0.0689332	
1.06848	1.02244	-0.0684751	
1.06801	1.02175	-0.0680147	
1.06755	1.02107	-0.0675521	
1.06709	1.0204	-0.0670873	
1.06662	1.01973	-0.0666204	
1.06615	1.01906	-0.0661515	
1.06568	1.0184	-0.0656806	
1.06521	1.01774	-0.0652078	
1.06473	1.01709	-0.0647331	
1.06426	1.01644	-0.0642567	
1.06378	1.0158	-0.0637785	
1.0633	1.01516	-0.0632987	
1.06282	1.01453	-0.0628174	
1.06233	1.0139	-0.0623345	
1.06185	1.01328	-0.0618502	
1.06136	1.01266	-0.0613644	
1.06088	1.01205	-0.0608774	
1.06039	1.01144	-0.0603891	
1.0599	1.01083	-0.0598995	
1.05941	1.01023	-0.0594089	
1.05892	1.00964	-0.0589171	
1.05842	1.00905	-0.0584243	
1.05793	1.00847	-0.0579306	
1.05744	1.00789	-0.057436	
1.05694	1.00731	-0.0569405	
1.05644	1.00674	-0.0564442	
1.05595	1.00618	-0.0559472	
1.05545	1.00562	-0.0554495	
1.05495	1.00506	-0.0549512	
1.05445	1.00452	-0.0544523	
1.05395	1.00397	-0.053953	
1.05345	1.00343	-0.0534532	
1.05295	1.0029	-0.0529529	
1.05245	1.00237	-0.0524524	
1.05195	1.00184	-0.0519515	
1.05145	1.00132	-0.0514504	
1.05095	1.00081	-0.0509492	
1.05045	1.0003	-0.0504478	
1.04995	0.999795	-0.0499463	
1.04944	0.999295	-0.0494448	
1.04894	0.998801	-0.0489433	
1.04844	0.998311	-0.0484418	
1.04794	0.997827	-0.0479405	
1.04744	0.997348	-0.0474394	
1.04694	0.996873	-0.0469385	
1.04644	0.996404	-0.0464378	
1.04594	0.995939	-0.0459375	
1.04544	0.99548	-0.0454375	
1.04494	0.995026	-0.0449379	
1.04444	0.994576	-0.0444388	
1.04394	0.994132	-0.0439402	
1.04344	0.993693	-0.0434421	
1.04294	0.993258	-0.0429446	
1.04245	0.992829	-0.0424477	
1.04195	0.992404	-0.0419516	
1.04146	0.991985	-0.0414561	
1.04096	0.99157	-0.0409614	
1.04047	0.99116	-0.0404675	
1.03997	0.990756	-0.0399744	
1.03948	0.990356	-0.0394822	
1.03899	0.989961	-0.0389909	
1.0385	0.989571	-0.0385006	
1.03801	0.989186	-0.0380113	
1.03752	0.988806	-0.0375231	
1.03704	0.988431	-0.0370359	
1.03655	0.988061	-0.0365499	
1.03606	0.987695	-0.036065	
1.03558	0.987334	-0.0355813	
1.0351	0.986979	-0.0350988	
1.03462	0.986628	-0.0346176	
1.03414	0.986282	-0.0341377	
1.03366	0.98594	-0.0336592	
1.03318	0.985604	-0.033182	
1.03271	0.985272	-0.0327062	
1.03223	0.984945	-0.0322318	
1.03176	0.984622	-0.031759	
1.03129	0.984305	-0.0312876	
1.03082	0.983992	-0.0308178	
1.03035	0.983684	-0.0303495	
1.02988	0.98338	-0.0298829	
1.02942	0.983081	-0.0294178	
1.02895	0.982787	-0.0289545	
1.02849	0.982498	-0.0284928	
1.02803	0.982213	-0.0280328	
1.02757	0.981932	-0.0275746	
1.02712	0.981657	-0.0271182	
1.02666	0.981385	-0.0266636	
1.02621	0.981119	-0.0262108	
1.02576	0.980857	-0.0257599	
1.02531	0.980599	-0.0253109	
1.02486	0.980346	-0.0248637	
1.02442	0.980097	-0.0244186	
1.02398	0.979853	-0.0239754	
1.02353	0.979613	-0.0235341	
1.02309	0.979378	-0.0230949	
1.02266	0.979147	-0.0226578	
1.02222	0.978921	-0.0222227	
1.02179	0.978698	-0.0217896	
1.02136	0.97848	-0.0213587	
1.02093	0.978267	-0.0209299	
1.0205	0.978058	-0.0205033	
1.02008	0.977853	-0.0200789	
1.01966	0.977652	-0.0196566	
1.01924	0.977455	-0.0192365	
1.01882	0.977263	-0.0188187	
1.0184	0.977075	-0.0184032	
1.01799	0.976891	-0.0179899	
1.01758	0.976711	-0.0175789	
1.01717	0.976535	-0.0171702	
1.01676	0.976363	-0.0167639	
1.01636	0.976196	-0.0163598	
1.01596	0.976032	-0.0159582	
1.01556	0.975872	-0.0155589	
1.01516	0.975717	-0.0151621	
1.01477	0.975565	-0.0147676	
1.01438	0.975417	-0.0143756	
1.01399	0.975274	-0.013986	
1.0136	0.975134	-0.0135989	
1.01321	0.974998	-0.0132142	
1.01283	0.974866	-0.0128321	
1.01245	0.974737	-0.0124524	
1.01208	0.974613	-0.0120753	
1.0117	0.974492	-0.0117006	
1.01133	0.974375	-0.0113286	
1.01096	0.974262	-0.010959	
1.01059	0.974152	-0.0105921	
1.01023	0.974046	-0.0102277	
1.00987	0.973944	-0.00986584	
1.00951	0.973845	-0.00950662	
1.00915	0.97375	-0.00915001	
1.0088	0.973659	-0.00879601	
1.00844	0.973571	-0.00844464	
1.0081	0.973486	-0.0080959	
1.00775	0.973405	-0.00774981	
1.00741	0.973328	-0.00740637	
1.00707	0.973254	-0.00706558	
1.00673	0.973183	-0.00672747	
1.00639	0.973116	-0.00639202	
1.00606	0.973052	-0.00605926	
1.00573	0.972991	-0.00572919	
1.0054	0.972934	-0.00540181	
1.00508	0.97288	-0.00507714	
1.00476	0.972829	-0.00475517	
1.00444	0.972782	-0.00443591	
1.00412	0.972737	-0.00411937	
1.00381	0.972696	-0.00380555	
1.00349	0.972658	-0.00349446	
1.00319	0.972623	-0.0031861	
1.00288	0.972591	-0.00288047	
1.00258	0.972563	-0.00257758	
1.00228	0.972537	-0.00227743	
1.00198	0.972514	-0.00198002	
1.00169	0.972494	-0.00168536	
1.00139	0.972477	-0.00139345	
1.0011	0.972463	-0.00110429	
1.00082	0.972452	-0.000817882	
1.00053	0.972444	-0.000534228	
1.00025	0.972439	-0.000253328	
0.999975	0.972436	2.4816e-05	
0.9997	0.972437	0.000300204	
0.999427	0.97244	0.000572836	
0.999157	0.972445	0.000842711	
0.99889	0.972454	0.00110983	
0.998626	0.972465	0.00137419	
0.998364	0.972479	0.0016358	
0.998105	0.972495	0.00189466	
0.997849	0.972514	0.00215076	
0.997596	0.972535	0.00240412	
0.997345	0.972559	0.00265472	
0.997097	0.972586	0.00290258	
0.996852	0.972615	0.00314769	
0.99661	0.972647	0.00339006	
0.99637	0.97268	0.0036297	
0.996133	0.972717	0.0038666	
0.995899	0.972755	0.00410076	
0.995668	0.972796	0.0043322	
0.995439	0.97284	0.00456092	
0.995213	0.972885	0.00478691	
0.99499	0.972933	0.00501019	
0.994769	0.972983	0.00523075	
0.994551	0.973036	0.00544861	
0.994336	0.97309	0.00566377	
0.994124	0.973147	0.00587623	
0.993914	0.973205	0.006086	
0.993707	0.973266	0.00629309	
0.993503	0.973329	0.00649749	
0.993301	0.973394	0.00669923	
0.993102	0.973461	0.00689829	
0.992905	0.97353	0.0070947	
0.992712	0.973601	0.00728845	
0.99252	0.973674	0.00747955	
0.992332	0.973749	0.00766801	
0.992146	0.973826	0.00785384	
0.991963	0.973904	0.00803705	
0.991782	0.973984	0.00821764	
0.991604	0.974067	0.00839562	
0.991429	0.974151	0.008571	
0.991256	0.974236	0.00874378	
0.991086	0.974324	0.00891398	
0.990918	0.974413	0.0090816	
0.990753	0.974504	0.00924666	
0.990591	0.974596	0.00940915	
0.990431	0.97469	0.0095691	
0.990273	0.974786	0.00972651	
0.990119	0.974883	0.00988138	
0.989966	0.974982	0.0100337	
0.989816	0.975082	0.0101836	
0.989669	0.975184	0.0103309	
0.989524	0.975287	0.0104758	
0.989382	0.975392	0.0106181	
0.989242	0.975498	0.010758	
0.989105	0.975606	0.0108955	
0.98897	0.975715	0.0110305	
0.988837	0.975825	0.011163	
0.988707	0.975937	0.0112931	
0.988579	0.97605	0.0114208	
0.988454	0.976164	0.0115461	
0.988331	0.97628	0.011669	
0.98821	0.976396	0.0117895	
0.988092	0.976514	0.0119077	
0.987977	0.976633	0.0120234	
0.987863	0.976753	0.0121369	
0.987752	0.976875	0.012248	
0.987643	0.976997	0.0123568	
0.987537	0.977121	0.0124632	
0.987433	0.977245	0.0125674	
0.987331	0.977371	0.0126692	
0.987231	0.977498	0.0127688	
0.987134	0.977626	0.0128662	
0.987039	0.977754	0.0129613	
0.986946	0.977884	0.0130541	
0.986855	0.978014	0.0131447	
0.986767	0.978146	0.0132331	
0.986681	0.978278	0.0133193	
0.986597	0.978411	0.0134034	
0.986515	0.978545	0.0134852	
0.986435	0.97868	0.0135649	
0.986358	0.978816	0.0136425	
0.986282	0.978952	0.0137179	
0.986209	0.979089	0.0137912	
0.986138	0.979227	0.0138624	
0.986069	0.979366	0.0139315	
0.986001	0.979505	0.0139985	
0.985937	0.979645	0.0140635	
0.985874	0.979786	0.0141264	
0.985813	0.979927	0.0141873	
0.985754	0.980069	0.0142461	
0.985697	0.980212	0.014303	
0.985642	0.980355	0.0143578	
0.985589	0.980498	0.0144107	
0.985538	0.980642	0.0144616	
0.985489	0.980787	0.0145106	
0.985442	0.980932	0.0145576	
0.985397	0.981078	0.0146027	
0.985354	0.981224	0.0146459	
0.985313	0.98137	0.0146872	
0.985273	0.981517	0.0147266	
0.985236	0.981664	0.0147642	
0.9852	0.981812	0.0147999	
0.985166	0.98196	0.0148338	
0.985134	0.982108	0.0148659	
0.985104	0.982257	0.0148961	
0.985075	0.982406	0.0149246	
0.985049	0.982555	0.0149513	
0.985024	0.982704	0.0149762	
0.985001	0.982854	0.0149994	
0.984979	0.983004	0.0150209	
0.984959	0.983154	0.0150406	
0.984941	0.983305	0.0150587	
0.984925	0.983455	0.015075	
0.98491	0.983606	0.0150897	
0.984897	0.983757	0.0151028	
0.984886	0.983908	0.0151142	
0.984876	0.984059	0.015124	
0.984868	0.984211	0.0151321	
0.984861	0.984362	0.0151387	
0.984856	0.984513	0.0151437	
0.984853	0.984665	0.0151471	
0.984851	0.984816	0.015149	
0.984851	0.984968	0.0151494	
0.984852	0.985119	0.0151482	
0.984854	0.985271	0.0151455	
0.984859	0.985422	0.0151413	
0.984864	0.985573	0.0151357	
0.984871	0.985725	0.0151286	
0.98488	0.985876	0.0151201	
0.98489	0.986027	0.0151101	
0.984901	0.986178	0.0150988	
0.984914	0.986329	0.015086	
0.984928	0.98648	0.0150718	
0.984944	0.986631	0.0150563	
0.984961	0.986782	0.0150394	
0.984979	0.986932	0.0150212	
0.984998	0.987082	0.0150017	
0.985019	0.987232	0.0149809	
0.985041	0.987382	0.0149587	
0.985065	0.987532	0.0149353	
0.985089	0.987681	0.0149106	
0.985115	0.98783	0.0148847	
0.985142	0.987979	0.0148576	
0.985171	0.988127	0.0148292	
0.9852	0.988276	0.0147997	
0.985231	0.988424	0.0147689	
0.985263	0.988571	0.014737	
0.985296	0.988719	0.0147039	
0.98533	0.988866	0.0146697	
0.985366	0.989013	0.0146343	
0.985402	0.989159	0.0145978	
0.98544	0.989305	0.0145603	
0.985478	0.98945	0.0145216	
0.985518	0.989596	0.0144819	
0.985559	0.98974	0.0144411	
0.985601	0.989885	0.0143993	
0.985644	0.990029	0.0143565	
0.985687	0.990172	0.0143126	
0.985732	0.990316	0.0142678	
0.985778	0.990458	0.0142219	
0.985825	0.9906	0.0141751	
0.985873	0.990742	0.0141274	
0.985921	0.990883	0.0140787	
0.985971	0.991024	0.0140291	
0.986021	0.991165	0.0139785	
0.986073	0.991304	0.0139271	
0.986125	0.991444	0.0138748	
0.986178	0.991582	0.0138216	
0.986232	0.991721	0.0137676	
0.986287	0.991858	0.0137127	
0.986343	0.991995	0.013657	
0.9864	0.992132	0.0136004	
0.986457	0.992268	0.0135431	
0.986515	0.992403	0.013485	
0.986574	0.992538	0.0134261	
0.986634	0.992673	0.0133665	
0.986694	0.992806	0.0133061	
0.986755	0.992939	0.013245	
0.986817	0.993072	0.0131831	
0.986879	0.993204	0.0131206	
0.986943	0.993335	0.0130573	
0.987007	0.993465	0.0129934	
0.987071	0.993595	0.0129288	
0.987136	0.993725	0.0128636	
0.987202	0.993853	0.0127977	
0.987269	0.993981	0.0127312	
0.987336	0.994108	0.0126641	
0.987404	0.994235	0.0125963	
0.987472	0.994361	0.012528	
0.987541	0.994486	0.0124591	
0.98761	0.994611	0.0123897	
0.98768	0.994735	0.0123197	
0.987751	0.994858	0.0122491	
0.987822	0.994981	0.0121781	
0.987894	0.995102	0.0121065	
0.987966	0.995223	0.0120344	
0.988038	0.995344	0.0119618	
0.988111	0.995463	0.0118888	
0.988185	0.995582	0.0118152	
0.988259	0.9957	0.0117413	
0.988333	0.995818	0.0116668	
0.988408	0.995934	0.011592	
0.988483	0.99605	0.0115167	
0.988559	0.996166	0.0114411	
0.988635	0.99628	0.011365	
0.988711	0.996394	0.0112885	
0.988788	0.996506	0.0112117	
0.988865	0.996619	0.0111345	
0.988943	0.99673	0.011057	
0.989021	0.996841	0.0109791	
0.989099	0.99695	0.0109009	
0.989178	0.997059	0.0108224	
0.989256	0.997168	0.0107436	
0.989335	0.997275	0.0106645	
0.989415	0.997382	0.0105851	
0.989495	0.997487	0.0105054	
0.989574	0.997593	0.0104255	
0.989655	0.997697	0.0103453	
0.989735	0.9978	0.0102649	
0.989816	0.997903	0.0101843	
0.989897	0.998005	0.0101034	
0.989978	0.998106	0.0100223	
0.990059	0.998206	0.00994103	
0.99014	0.998305	0.00985956	
0.990222	0.998404	0.00977791	
0.990304	0.998502	0.00969609	
0.990386	0.998599	0.00961411	
0.990468	0.998695	0.00953199	
0.99055	0.99879	0.00944972	
0.990633	0.998885	0.00936732	
0.990715	0.998978	0.0092848	
0.990798	0.999071	0.00920217	
0.990881	0.999163	0.00911943	
0.990963	0.999254	0.00903661	
0.991046	0.999345	0.0089537	
0.991129	0.999434	0.00887071	
0.991212	0.999523	0.00878766	
0.991295	0.999611	0.00870456	
0.991379	0.999698	0.0086214	
0.991462	0.999784	0.00853821	
0.991545	0.99987	0.00845498	
0.991628	0.999954	0.00837174	
0.991712	1.00004	0.00828848	
0.991795	1.00012	0.00820522	
0.991878	1.0002	0.00812196	
0.991961	1.00028	0.00803871	
0.992045	1.00036	0.00795548	
0.992128	1.00044	0.00787229	
0.992211	1.00052	0.00778912	
0.992294	1.0006	0.00770601	
0.992377	1.00068	0.00762294	
0.99246	1.00075	0.00753994	
0.992543	1.00083	0.007457	
0.992626	1.0009	0.00737414	
0.992709	1.00098	0.00729136	
0.992791	1.00105	0.00720867	
0.992874	1.00112	0.00712608	
0.992956	1.00119	0.00704359	
0.993039	1.00126	0.00696122	
0.993121	1.00133	0.00687896	
0.993203	1.0014	0.00679684	
0.993285	1.00147	0.00671484	
0.993367	1.00154	0.00663299	
0.993449	1.0016	0.00655128	
0.99353	1.00167	0.00646973	
0.993612	1.00173	0.00638833	
0.993693	1.0018	0.00630711	
0.993774	1.00186	0.00622605	
0.993855	1.00192	0.00614518	
0.993936	1.00198	0.00606449	
0.994016	1.00205	0.005984	
0.994096	1.00211	0.0059037	
0.994176	1.00216	0.00582361	
0.994256	1.00222	0.00574373	
0.994336	1.00228	0.00566407	
0.994415	1.00234	0.00558463	
0.994495	1.00239	0.00550541	
0.994574	1.00245	0.00542643	
0.994652	1.0025	0.00534769	
0.994731	1.00256	0.00526919	
BackwardEuler 
Trep
