BackwardEuler 
V1	V2	I
1	0	0	
0.9901	9.90001e-05	0.00990001	
0.9803	0.000296001	0.0197	
0.9706	0.000590002	0.0294001	
0.961	0.000980006	0.0390003	
0.951499	0.00146501	0.0485007	
0.942099	0.00204402	0.0579012	
0.932798	0.00271605	0.0672021	
0.923597	0.00348008	0.0764032	
0.914495	0.00433513	0.0855048	
0.905493	0.0052802	0.0945069	
0.89659	0.00631429	0.10341	
0.887787	0.00743642	0.112213	
0.879082	0.0086456	0.120918	
0.870477	0.00994083	0.129523	
0.861971	0.0113211	0.138029	
0.853563	0.0127855	0.146437	
0.845254	0.014333	0.154746	
0.837043	0.0159625	0.162957	
0.82893	0.0176732	0.17107	
0.820916	0.0194641	0.179084	
0.812999	0.0213341	0.187001	
0.80518	0.0232823	0.19482	
0.797459	0.0253077	0.202541	
0.789834	0.0274094	0.210166	
0.782307	0.0295863	0.217693	
0.774877	0.0318375	0.225123	
0.767543	0.0341621	0.232457	
0.760305	0.036559	0.239695	
0.753164	0.0390274	0.246836	
0.746119	0.0415662	0.253881	
0.739169	0.0441745	0.260831	
0.732314	0.0468514	0.267686	
0.725554	0.0495958	0.274446	
0.71889	0.0524069	0.28111	
0.712319	0.0552837	0.287681	
0.705843	0.0582253	0.294157	
0.699461	0.0612307	0.300539	
0.693172	0.064299	0.306828	
0.686977	0.0674292	0.313023	
0.680874	0.0706205	0.319126	
0.674864	0.0738718	0.325136	
0.668946	0.0771824	0.331054	
0.663121	0.0805512	0.336879	
0.657387	0.0839773	0.342613	
0.651744	0.0874599	0.348256	
0.646192	0.0909979	0.353808	
0.64073	0.0945906	0.35927	
0.635359	0.0982371	0.364641	
0.630078	0.101936	0.369922	
0.624886	0.105687	0.375114	
0.619783	0.10949	0.380217	
0.614769	0.113342	0.385231	
0.609843	0.117243	0.390157	
0.605005	0.121193	0.394995	
0.600254	0.125191	0.399746	
0.59559	0.129235	0.40441	
0.591013	0.133325	0.408987	
0.586523	0.13746	0.413477	
0.582118	0.141638	0.417882	
0.577799	0.14586	0.422201	
0.573564	0.150125	0.426436	
0.569414	0.154431	0.430586	
0.565349	0.158777	0.434651	
0.561367	0.163164	0.438633	
0.557468	0.167589	0.442532	
0.553652	0.172052	0.446348	
0.549918	0.176553	0.450082	
0.546266	0.18109	0.453734	
0.542696	0.185664	0.457304	
0.539207	0.190271	0.460793	
0.535798	0.194913	0.464202	
0.532469	0.199589	0.467531	
0.52922	0.204297	0.47078	
0.52605	0.209036	0.47395	
0.522958	0.213806	0.477042	
0.519945	0.218607	0.480055	
0.517009	0.223437	0.482991	
0.514151	0.228295	0.485849	
0.511369	0.233182	0.488631	
0.508663	0.238095	0.491337	
0.506033	0.243035	0.493967	
0.503478	0.248	0.496522	
0.500998	0.25299	0.499002	
0.498592	0.258004	0.501408	
0.49626	0.263042	0.50374	
0.494001	0.268101	0.505999	
0.491815	0.273183	0.508185	
0.489701	0.278286	0.510299	
0.487658	0.28341	0.512342	
0.485687	0.288553	0.514313	
0.483786	0.293715	0.516214	
0.481956	0.298895	0.518044	
0.480195	0.304094	0.519805	
0.478503	0.309308	0.521497	
0.476879	0.31454	0.523121	
0.475324	0.319786	0.524676	
0.473836	0.325048	0.526164	
0.472415	0.330324	0.527585	
0.471061	0.335613	0.528939	
0.469772	0.340916	0.530228	
0.468549	0.34623	0.531451	
0.46739	0.351556	0.53261	
0.466296	0.356893	0.533704	
0.465266	0.362241	0.534734	
0.464299	0.367598	0.535701	
0.463395	0.372964	0.536605	
0.462553	0.378338	0.537447	
0.461772	0.38372	0.538228	
0.461053	0.38911	0.538947	
0.460394	0.394506	0.539606	
0.459795	0.399908	0.540205	
0.459256	0.405315	0.540744	
0.458775	0.410728	0.541225	
0.458353	0.416144	0.541647	
0.457989	0.421564	0.542011	
0.457682	0.426987	0.542318	
0.457432	0.432413	0.542568	
0.457238	0.437841	0.542762	
0.457099	0.44327	0.542901	
0.457016	0.4487	0.542984	
0.456988	0.45413	0.543012	
0.457013	0.45956	0.542987	
0.457092	0.464989	0.542908	
0.457224	0.470416	0.542776	
0.457408	0.475842	0.542592	
0.457645	0.481266	0.542355	
0.457932	0.486687	0.542068	
0.45827	0.492104	0.54173	
0.458659	0.497517	0.541341	
0.459097	0.502926	0.540903	
0.459585	0.50833	0.540415	
0.460121	0.513729	0.539879	
0.460705	0.519122	0.539295	
0.461337	0.524509	0.538663	
0.462015	0.529889	0.537985	
0.462741	0.535261	0.537259	
0.463512	0.540626	0.536488	
0.464328	0.545983	0.535672	
0.46519	0.551331	0.53481	
0.466096	0.55667	0.533904	
0.467045	0.562	0.532955	
0.468038	0.567319	0.531962	
0.469073	0.572628	0.530927	
0.470151	0.577927	0.529849	
0.471271	0.583214	0.528729	
0.472431	0.58849	0.527569	
0.473632	0.593754	0.526368	
0.474874	0.599005	0.525126	
0.476155	0.604243	0.523845	
0.477475	0.609469	0.522525	
0.478833	0.61468	0.521167	
0.48023	0.619878	0.51977	
0.481664	0.625061	0.518336	
0.483134	0.63023	0.516866	
0.484642	0.635384	0.515358	
0.486185	0.640522	0.513815	
0.487764	0.645644	0.512236	
0.489378	0.65075	0.510622	
0.491026	0.65584	0.508974	
0.492708	0.660913	0.507292	
0.494423	0.665969	0.505577	
0.496172	0.671007	0.503828	
0.497953	0.676027	0.502047	
0.499765	0.68103	0.500235	
0.501609	0.686014	0.498391	
0.503484	0.690979	0.496516	
0.50539	0.695925	0.49461	
0.507325	0.700852	0.492675	
0.509289	0.705759	0.490711	
0.511283	0.710646	0.488717	
0.513305	0.715513	0.486695	
0.515355	0.720359	0.484645	
0.517433	0.725185	0.482567	
0.519537	0.72999	0.480463	
0.521668	0.734773	0.478332	
0.523825	0.739535	0.476175	
0.526008	0.744275	0.473992	
0.528216	0.748993	0.471784	
0.530448	0.753688	0.469552	
0.532705	0.758361	0.467295	
0.534985	0.763011	0.465015	
0.537289	0.767638	0.462711	
0.539615	0.772242	0.460385	
0.541963	0.776822	0.458037	
0.544334	0.781379	0.455666	
0.546726	0.785912	0.453274	
0.549139	0.79042	0.450861	
0.551572	0.794905	0.448428	
0.554025	0.799365	0.445975	
0.556498	0.8038	0.443502	
0.55899	0.80821	0.44101	
0.561501	0.812595	0.438499	
0.564031	0.816954	0.435969	
0.566578	0.821289	0.433422	
0.569142	0.825597	0.430858	
0.571724	0.82988	0.428276	
0.574322	0.834137	0.425678	
0.576936	0.838367	0.423064	
0.579566	0.842572	0.420434	
0.582212	0.84675	0.417788	
0.584872	0.850901	0.415128	
0.587547	0.855025	0.412453	
0.590236	0.859123	0.409764	
0.592938	0.863194	0.407062	
0.595654	0.867237	0.404346	
0.598383	0.871253	0.401617	
0.601124	0.875242	0.398876	
0.603877	0.879203	0.396123	
0.606642	0.883137	0.393358	
0.609418	0.887043	0.390582	
0.612206	0.890921	0.387794	
0.615003	0.894771	0.384997	
0.617811	0.898592	0.382189	
0.620629	0.902386	0.379371	
0.623456	0.906152	0.376544	
0.626292	0.909889	0.373708	
0.629136	0.913597	0.370864	
0.631989	0.917277	0.368011	
0.63485	0.920929	0.36515	
0.637718	0.924552	0.362282	
0.640594	0.928146	0.359406	
0.643476	0.931711	0.356524	
0.646365	0.935247	0.353635	
0.64926	0.938755	0.35074	
0.652161	0.942233	0.347839	
0.655067	0.945682	0.344933	
0.657978	0.949103	0.342022	
0.660894	0.952494	0.339106	
0.663814	0.955856	0.336186	
0.666739	0.959188	0.333261	
0.669667	0.962492	0.330333	
0.672599	0.965766	0.327401	
0.675534	0.96901	0.324466	
0.678471	0.972226	0.321529	
0.681411	0.975411	0.318589	
0.684353	0.978568	0.315647	
0.687297	0.981695	0.312703	
0.690243	0.984792	0.309757	
0.693189	0.987861	0.306811	
0.696137	0.990899	0.303863	
0.699085	0.993908	0.300915	
0.702034	0.996888	0.297966	
0.704982	0.999838	0.295018	
0.707931	1.00276	0.292069	
0.710878	1.00565	0.289122	
0.713825	1.00851	0.286175	
0.716771	1.01134	0.283229	
0.719715	1.01415	0.280285	
0.722658	1.01692	0.277342	
0.725599	1.01966	0.274401	
0.728537	1.02238	0.271463	
0.731473	1.02506	0.268527	
0.734406	1.02772	0.265594	
0.737336	1.03035	0.262664	
0.740263	1.03294	0.259737	
0.743186	1.03551	0.256814	
0.746106	1.03805	0.253894	
0.749021	1.04056	0.250979	
0.751932	1.04304	0.248068	
0.754839	1.04549	0.245161	
0.75774	1.04792	0.24226	
0.760637	1.05031	0.239363	
0.763529	1.05267	0.236471	
0.766415	1.05501	0.233585	
0.769295	1.05732	0.230705	
0.772169	1.0596	0.227831	
0.775037	1.06185	0.224963	
0.777899	1.06407	0.222101	
0.780754	1.06626	0.219246	
0.783602	1.06842	0.216398	
0.786443	1.07056	0.213557	
0.789277	1.07267	0.210723	
0.792104	1.07474	0.207896	
0.794922	1.0768	0.205078	
0.797733	1.07882	0.202267	
0.800536	1.08081	0.199464	
0.80333	1.08278	0.19667	
0.806116	1.08472	0.193884	
0.808894	1.08663	0.191106	
0.811662	1.08851	0.188338	
0.814422	1.09037	0.185578	
0.817172	1.0922	0.182828	
0.819913	1.094	0.180087	
0.822644	1.09577	0.177356	
0.825366	1.09752	0.174634	
0.828077	1.09924	0.171923	
0.830779	1.10093	0.169221	
0.83347	1.10259	0.16653	
0.836151	1.10423	0.163849	
0.838821	1.10584	0.161179	
0.84148	1.10743	0.15852	
0.844129	1.10899	0.155871	
0.846767	1.11052	0.153233	
0.849393	1.11203	0.150607	
0.852008	1.11351	0.147992	
0.854611	1.11496	0.145389	
0.857203	1.11639	0.142797	
0.859783	1.11779	0.140217	
0.862352	1.11917	0.137648	
0.864908	1.12052	0.135092	
0.867452	1.12184	0.132548	
0.869983	1.12314	0.130017	
0.872502	1.12442	0.127498	
0.875009	1.12567	0.124991	
0.877503	1.12689	0.122497	
0.879984	1.12809	0.120016	
0.882452	1.12927	0.117548	
0.884907	1.13042	0.115093	
0.887349	1.13155	0.112651	
0.889778	1.13265	0.110222	
0.892193	1.13373	0.107807	
0.894595	1.13478	0.105405	
0.896983	1.13581	0.103017	
0.899358	1.13682	0.100642	
0.901719	1.1378	0.0982812	
0.904066	1.13876	0.0959343	
0.906399	1.1397	0.0936013	
0.908718	1.14061	0.0912824	
0.911022	1.1415	0.0889776	
0.913313	1.14237	0.0866871	
0.915589	1.14321	0.0844109	
0.917851	1.14403	0.0821491	
0.920098	1.14483	0.0799018	
0.922331	1.14561	0.077669	
0.924549	1.14636	0.0754509	
0.926752	1.14709	0.0732475	
0.928941	1.1478	0.0710589	
0.931115	1.14849	0.0688851	
0.933274	1.14916	0.0667262	
0.935418	1.14981	0.0645824	
0.937546	1.15043	0.0624535	
0.93966	1.15103	0.0603398	
0.941759	1.15162	0.0582412	
0.943842	1.15218	0.0561579	
0.94591	1.15272	0.0540898	
0.947963	1.15324	0.052037	
0.95	1.15374	0.0499996	
0.952022	1.15422	0.0479777	
0.954029	1.15468	0.0459712	
0.95602	1.15512	0.0439802	
0.957995	1.15554	0.0420047	
0.959955	1.15594	0.0400449	
0.961899	1.15632	0.0381007	
0.963828	1.15668	0.0361721	
0.965741	1.15702	0.0342593	
0.967638	1.15735	0.0323622	
0.969519	1.15765	0.0304809	
0.971385	1.15794	0.0286153	
0.973234	1.15821	0.0267656	
0.975068	1.15846	0.0249317	
0.976886	1.15869	0.0231137	
0.978688	1.1589	0.0213116	
0.980475	1.1591	0.0195254	
0.982245	1.15927	0.0177551	
0.983999	1.15943	0.0160008	
0.985738	1.15958	0.0142624	
0.98746	1.1597	0.01254	
0.989166	1.15981	0.0108336	
0.990857	1.1599	0.00914313	
0.992531	1.15998	0.00746869	
0.99419	1.16003	0.00581025	
0.995832	1.16008	0.00416782	
0.997459	1.1601	0.0025414	
0.999069	1.16011	0.000930996	
1.00066	1.1601	-0.000663403	
1.00224	1.16008	-0.00224179	
1.0038	1.16004	-0.00380418	
1.00535	1.15999	-0.00535057	
1.00688	1.15992	-0.00688096	
1.0084	1.15984	-0.00839537	
1.00989	1.15974	-0.00989381	
1.01138	1.15962	-0.0113763	
1.01284	1.1595	-0.0128428	
1.01429	1.15935	-0.0142934	
1.01573	1.1592	-0.0157281	
1.01715	1.15902	-0.0171468	
1.01855	1.15884	-0.0185497	
1.01994	1.15864	-0.0199367	
1.02131	1.15843	-0.0213079	
1.02266	1.1582	-0.0226633	
1.024	1.15796	-0.0240028	
1.02533	1.15771	-0.0253266	
1.02663	1.15744	-0.0266347	
1.02793	1.15716	-0.027927	
1.0292	1.15687	-0.0292037	
1.03046	1.15656	-0.0304647	
1.03171	1.15625	-0.03171	
1.03294	1.15592	-0.0329398	
1.03415	1.15558	-0.034154	
1.03535	1.15522	-0.0353527	
1.03654	1.15486	-0.0365359	
1.0377	1.15448	-0.0377037	
1.03886	1.15409	-0.038856	
1.03999	1.15369	-0.039993	
1.04111	1.15328	-0.0411146	
1.04222	1.15286	-0.042221	
1.04331	1.15242	-0.0433121	
1.04439	1.15198	-0.0443881	
1.04545	1.15153	-0.0454488	
1.04649	1.15106	-0.0464945	
1.04753	1.15059	-0.0475251	
1.04854	1.1501	-0.0485407	
1.04954	1.14961	-0.0495414	
1.05053	1.1491	-0.0505271	
1.0515	1.14858	-0.051498	
1.05245	1.14806	-0.052454	
1.0534	1.14753	-0.0533953	
1.05432	1.14698	-0.0543219	
1.05523	1.14643	-0.0552339	
1.05613	1.14587	-0.0561313	
1.05701	1.1453	-0.0570142	
1.05788	1.14472	-0.0578825	
1.05874	1.14413	-0.0587365	
1.05958	1.14354	-0.0595761	
1.0604	1.14293	-0.0604014	
1.06121	1.14232	-0.0612125	
1.06201	1.1417	-0.0620094	
1.06279	1.14107	-0.0627923	
1.06356	1.14044	-0.063561	
1.06432	1.13979	-0.0643158	
1.06506	1.13914	-0.0650567	
1.06578	1.13849	-0.0657837	
1.0665	1.13782	-0.0664969	
1.0672	1.13715	-0.0671965	
1.06788	1.13647	-0.0678824	
1.06855	1.13578	-0.0685547	
1.06921	1.13509	-0.0692135	
1.06986	1.13439	-0.0698588	
1.07049	1.13369	-0.0704908	
1.07111	1.13298	-0.0711095	
1.07171	1.13226	-0.0717149	
1.07231	1.13154	-0.0723072	
1.07289	1.13081	-0.0728865	
1.07345	1.13007	-0.0734527	
1.07401	1.12933	-0.074006	
1.07455	1.12859	-0.0745464	
1.07507	1.12784	-0.075074	
1.07559	1.12708	-0.075589	
1.07609	1.12632	-0.0760913	
1.07658	1.12556	-0.076581	
1.07706	1.12479	-0.0770583	
1.07752	1.12401	-0.0775232	
1.07798	1.12323	-0.0779757	
1.07842	1.12245	-0.078416	
1.07884	1.12166	-0.0788441	
1.07926	1.12086	-0.0792602	
1.07966	1.12007	-0.0796642	
1.08006	1.11927	-0.0800563	
1.08044	1.11846	-0.0804366	
1.08081	1.11766	-0.0808051	
1.08116	1.11684	-0.0811619	
1.08151	1.11603	-0.0815071	
1.08184	1.11521	-0.0818408	
1.08216	1.11439	-0.0821631	
1.08247	1.11356	-0.082474	
1.08277	1.11274	-0.0827736	
1.08306	1.11191	-0.083062	
1.08334	1.11107	-0.0833394	
1.08361	1.11024	-0.0836057	
1.08386	1.1094	-0.083861	
1.08411	1.10856	-0.0841055	
1.08434	1.10771	-0.0843393	
1.08456	1.10687	-0.0845623	
1.08477	1.10602	-0.0847748	
1.08498	1.10517	-0.0849767	
1.08517	1.10432	-0.0851682	
1.08535	1.10346	-0.0853494	
1.08552	1.10261	-0.0855203	
1.08568	1.10175	-0.085681	
1.08583	1.10089	-0.0858316	
1.08597	1.10003	-0.0859722	
1.0861	1.09917	-0.0861029	
1.08622	1.09831	-0.0862238	
1.08633	1.09745	-0.0863349	
1.08644	1.09658	-0.0864364	
1.08653	1.09572	-0.0865283	
1.08661	1.09485	-0.0866107	
1.08668	1.09399	-0.0866837	
1.08675	1.09312	-0.0867474	
1.0868	1.09225	-0.0868019	
1.08685	1.09138	-0.0868473	
1.08688	1.09051	-0.0868836	
1.08691	1.08964	-0.0869109	
1.08693	1.08877	-0.0869293	
1.08694	1.0879	-0.086939	
1.08694	1.08704	-0.0869399	
1.08693	1.08617	-0.0869323	
1.08692	1.0853	-0.0869161	
1.08689	1.08443	-0.0868914	
1.08686	1.08356	-0.0868585	
1.08682	1.08269	-0.0868172	
1.08677	1.08182	-0.0867678	
1.08671	1.08096	-0.0867102	
1.08664	1.08009	-0.0866447	
1.08657	1.07922	-0.0865712	
1.08649	1.07836	-0.0864899	
1.0864	1.0775	-0.0864008	
1.0863	1.07663	-0.0863041	
1.0862	1.07577	-0.0861998	
1.08609	1.07491	-0.086088	
1.08597	1.07405	-0.0859689	
1.08584	1.07319	-0.0858423	
1.08571	1.07233	-0.0857086	
1.08557	1.07148	-0.0855677	
1.08542	1.07062	-0.0854198	
1.08526	1.06977	-0.0852648	
1.0851	1.06892	-0.085103	
1.08493	1.06807	-0.0849344	
1.08476	1.06722	-0.084759	
1.08458	1.06638	-0.084577	
1.08439	1.06553	-0.0843885	
1.08419	1.06469	-0.0841935	
1.08399	1.06385	-0.0839921	
1.08378	1.06301	-0.0837844	
1.08357	1.06218	-0.0835705	
1.08335	1.06135	-0.0833504	
1.08312	1.06051	-0.0831243	
1.08289	1.05969	-0.0828922	
1.08265	1.05886	-0.0826543	
1.08241	1.05803	-0.0824105	
1.08216	1.05721	-0.082161	
1.08191	1.05639	-0.0819059	
1.08165	1.05558	-0.0816452	
1.08138	1.05476	-0.0813791	
1.08111	1.05395	-0.0811075	
1.08083	1.05314	-0.0808307	
1.08055	1.05234	-0.0805486	
1.08026	1.05154	-0.0802613	
1.07997	1.05074	-0.079969	
1.07967	1.04994	-0.0796717	
1.07937	1.04915	-0.0793694	
1.07906	1.04836	-0.0790623	
1.07875	1.04757	-0.0787505	
1.07843	1.04678	-0.078434	
1.07811	1.046	-0.0781129	
1.07779	1.04522	-0.0777873	
1.07746	1.04445	-0.0774572	
1.07712	1.04368	-0.0771228	
1.07678	1.04291	-0.076784	
1.07644	1.04215	-0.0764411	
1.07609	1.04139	-0.076094	
1.07574	1.04063	-0.0757429	
1.07539	1.03987	-0.0753877	
1.07503	1.03912	-0.0750287	
1.07467	1.03838	-0.0746658	
1.0743	1.03763	-0.0742991	
1.07393	1.03689	-0.0739288	
1.07355	1.03616	-0.0735548	
1.07318	1.03543	-0.0731773	
1.0728	1.0347	-0.0727964	
1.07241	1.03398	-0.072412	
1.07202	1.03326	-0.0720243	
1.07163	1.03254	-0.0716334	
1.07124	1.03183	-0.0712392	
1.07084	1.03112	-0.070842	
1.07044	1.03041	-0.0704417	
1.07004	1.02971	-0.0700385	
1.06963	1.02902	-0.0696323	
1.06922	1.02832	-0.0692233	
1.06881	1.02764	-0.0688116	
1.0684	1.02695	-0.0683971	
1.06798	1.02627	-0.0679801	
1.06756	1.0256	-0.0675604	
1.06714	1.02493	-0.0671383	
1.06671	1.02426	-0.0667138	
1.06629	1.0236	-0.0662869	
1.06586	1.02294	-0.0658576	
1.06543	1.02228	-0.0654262	
1.06499	1.02163	-0.0649926	
1.06456	1.02099	-0.0645569	
1.06412	1.02035	-0.0641192	
1.06368	1.01971	-0.0636795	
1.06324	1.01908	-0.0632379	
1.06279	1.01845	-0.0627944	
1.06235	1.01783	-0.0623492	
1.0619	1.01721	-0.0619023	
1.06145	1.01659	-0.0614536	
1.061	1.01598	-0.0610034	
1.06055	1.01538	-0.0605517	
1.0601	1.01478	-0.0600984	
1.05964	1.01418	-0.0596438	
1.05919	1.01359	-0.0591878	
1.05873	1.013	-0.0587305	
1.05827	1.01242	-0.0582719	
1.05781	1.01184	-0.0578122	
1.05735	1.01127	-0.0573514	
1.05689	1.0107	-0.0568894	
1.05643	1.01013	-0.0564265	
1.05596	1.00957	-0.0559626	
1.0555	1.00902	-0.0554978	
1.05503	1.00847	-0.0550321	
1.05457	1.00792	-0.0545657	
1.0541	1.00738	-0.0540985	
1.05363	1.00684	-0.0536307	
1.05316	1.00631	-0.0531622	
1.05269	1.00579	-0.0526931	
1.05222	1.00526	-0.0522235	
1.05175	1.00475	-0.0517534	
1.05128	1.00423	-0.0512829	
1.05081	1.00373	-0.0508121	
1.05034	1.00322	-0.0503409	
1.04987	1.00272	-0.0498694	
1.0494	1.00223	-0.0493977	
1.04893	1.00174	-0.0489259	
1.04845	1.00126	-0.0484539	
1.04798	1.00078	-0.0479818	
1.04751	1.0003	-0.0475097	
1.04704	0.99983	-0.0470377	
1.04657	0.999365	-0.0465657	
1.04609	0.998904	-0.0460938	
1.04562	0.998447	-0.045622	
1.04515	0.997996	-0.0451505	
1.04468	0.997549	-0.0446792	
1.04421	0.997107	-0.0442082	
1.04374	0.99667	-0.0437375	
1.04327	0.996237	-0.0432672	
1.0428	0.995809	-0.0427973	
1.04233	0.995386	-0.0423279	
1.04186	0.994967	-0.041859	
1.04139	0.994553	-0.0413906	
1.04092	0.994144	-0.0409228	
1.04046	0.993739	-0.0404556	
1.03999	0.99334	-0.0399891	
1.03952	0.992944	-0.0395233	
1.03906	0.992554	-0.0390583	
1.03859	0.992168	-0.038594	
1.03813	0.991786	-0.0381306	
1.03767	0.99141	-0.037668	
1.03721	0.991038	-0.0372063	
1.03675	0.99067	-0.0367456	
1.03629	0.990307	-0.0362858	
1.03583	0.989949	-0.035827	
1.03537	0.989595	-0.0353693	
1.03491	0.989246	-0.0349126	
1.03446	0.988902	-0.0344571	
1.034	0.988562	-0.0340026	
1.03355	0.988226	-0.0335494	
1.0331	0.987895	-0.0330974	
1.03265	0.987569	-0.0326466	
1.0322	0.987247	-0.0321971	
1.03175	0.986929	-0.0317489	
1.0313	0.986616	-0.0313021	
1.03086	0.986308	-0.0308566	
1.03041	0.986004	-0.0304125	
1.02997	0.985704	-0.0299698	
1.02953	0.985409	-0.0295286	
1.02909	0.985118	-0.0290889	
1.02865	0.984831	-0.0286507	
1.02821	0.984549	-0.0282141	
1.02778	0.984271	-0.027779	
1.02735	0.983998	-0.0273455	
1.02691	0.983729	-0.0269137	
1.02648	0.983464	-0.0264835	
1.02605	0.983203	-0.0260549	
1.02563	0.982947	-0.0256281	
1.0252	0.982695	-0.0252031	
1.02478	0.982447	-0.0247797	
1.02436	0.982204	-0.0243582	
1.02394	0.981964	-0.0239384	
1.02352	0.981729	-0.0235205	
1.0231	0.981498	-0.0231045	
1.02269	0.981271	-0.0226903	
1.02228	0.981048	-0.022278	
1.02187	0.98083	-0.0218676	
1.02146	0.980615	-0.0214592	
1.02105	0.980405	-0.0210527	
1.02065	0.980198	-0.0206482	
1.02025	0.979996	-0.0202457	
1.01985	0.979797	-0.0198452	
1.01945	0.979603	-0.0194468	
1.01905	0.979412	-0.0190504	
1.01866	0.979226	-0.0186561	
1.01826	0.979043	-0.0182639	
1.01787	0.978864	-0.0178738	
1.01749	0.978689	-0.0174858	
1.0171	0.978518	-0.0171	
1.01672	0.978351	-0.0167163	
1.01633	0.978188	-0.0163349	
1.01596	0.978028	-0.0159556	
1.01558	0.977873	-0.0155785	
1.0152	0.97772	-0.0152037	
1.01483	0.977572	-0.0148311	
1.01446	0.977428	-0.0144608	
1.01409	0.977287	-0.0140927	
1.01373	0.977149	-0.0137269	
1.01336	0.977016	-0.0133635	
1.013	0.976886	-0.0130023	
1.01264	0.976759	-0.0126435	
1.01229	0.976636	-0.0122869	
1.01193	0.976517	-0.0119328	
1.01158	0.976401	-0.011581	
1.01123	0.976289	-0.0112316	
1.01088	0.97618	-0.0108845	
1.01054	0.976075	-0.0105399	
1.0102	0.975973	-0.0101976	
1.00986	0.975874	-0.00985778	
1.00952	0.975779	-0.00952037	
1.00919	0.975687	-0.00918539	
1.00885	0.975599	-0.00885284	
1.00852	0.975513	-0.00852275	
1.0082	0.975431	-0.00819511	
1.00787	0.975353	-0.00786994	
1.00755	0.975277	-0.00754724	
1.00723	0.975205	-0.00722702	
1.00691	0.975136	-0.00690929	
1.00659	0.97507	-0.00659404	
1.00628	0.975007	-0.0062813	
1.00597	0.974947	-0.00597107	
1.00566	0.974891	-0.00566334	
1.00536	0.974837	-0.00535813	
1.00506	0.974787	-0.00505544	
1.00476	0.974739	-0.00475528	
1.00446	0.974694	-0.00445765	
1.00416	0.974653	-0.00416255	
1.00387	0.974614	-0.00386999	
1.00358	0.974578	-0.00357998	
1.00329	0.974545	-0.00329251	
1.00301	0.974515	-0.00300758	
1.00273	0.974488	-0.00272521	
1.00245	0.974464	-0.0024454	
1.00217	0.974442	-0.00216813	
1.00189	0.974423	-0.00189343	
1.00162	0.974407	-0.00162129	
1.00135	0.974393	-0.0013517	
1.00108	0.974382	-0.00108468	
1.00082	0.974374	-0.00082022	
1.00056	0.974369	-0.000558323	
1.0003	0.974366	-0.00029899	
1.00004	0.974365	-4.22205e-05	
0.999788	0.974367	0.000211986	
0.999536	0.974372	0.000463629	
0.999287	0.974379	0.000712711	
0.999041	0.974389	0.000959231	
0.998797	0.974401	0.00120319	
0.998555	0.974415	0.00144459	
0.998317	0.974432	0.00168344	
0.99808	0.974451	0.00191973	
0.997847	0.974473	0.00215347	
0.997615	0.974497	0.00238465	
0.997387	0.974523	0.00261329	
0.997161	0.974551	0.00283939	
0.996937	0.974582	0.00306294	
0.996716	0.974615	0.00328395	
0.996498	0.97465	0.00350243	
0.996282	0.974687	0.00371838	
0.996068	0.974726	0.0039318	
0.995857	0.974768	0.0041427	
0.995649	0.974811	0.00435108	
0.995443	0.974857	0.00455694	
0.99524	0.974904	0.0047603	
0.995039	0.974954	0.00496114	
0.994841	0.975005	0.0051595	
0.994645	0.975059	0.00535535	
0.994451	0.975115	0.00554872	
0.99426	0.975172	0.0057396	
0.994072	0.975231	0.00592801	
0.993886	0.975292	0.00611395	
0.993703	0.975355	0.00629742	
0.993522	0.97542	0.00647844	
0.993343	0.975487	0.006657	
0.993167	0.975555	0.00683312	
0.992993	0.975625	0.0070068	
0.992822	0.975697	0.00717805	
0.992653	0.97577	0.00734688	
0.992487	0.975845	0.00751329	
0.992323	0.975922	0.0076773	
0.992161	0.976001	0.0078389	
0.992002	0.976081	0.00799812	
0.991845	0.976162	0.00815494	
0.991691	0.976245	0.0083094	
0.991539	0.97633	0.00846149	
0.991389	0.976416	0.00861121	
0.991241	0.976504	0.00875859	
0.991096	0.976593	0.00890363	
0.990954	0.976683	0.00904634	
0.990813	0.976775	0.00918672	
0.990675	0.976868	0.00932479	
0.990539	0.976963	0.00946056	
0.990406	0.977059	0.00959403	
0.990275	0.977156	0.00972522	
0.990146	0.977254	0.00985413	
0.990019	0.977354	0.00998078	
0.989895	0.977455	0.0101052	
0.989773	0.977558	0.0102273	
0.989653	0.977661	0.0103472	
0.989535	0.977766	0.0104649	
0.98942	0.977872	0.0105804	
0.989306	0.977978	0.0106937	
0.989195	0.978087	0.0108048	
0.989086	0.978196	0.0109137	
0.98898	0.978306	0.0110204	
0.988875	0.978417	0.011125	
0.988773	0.978529	0.0112274	
0.988672	0.978643	0.0113277	
0.988574	0.978757	0.0114259	
0.988478	0.978872	0.011522	
0.988384	0.978988	0.0116159	
0.988292	0.979105	0.0117078	
0.988202	0.979223	0.0117976	
0.988115	0.979342	0.0118853	
0.988029	0.979462	0.011971	
0.987945	0.979582	0.0120546	
0.987864	0.979704	0.0121362	
0.987784	0.979826	0.0122158	
0.987707	0.979949	0.0122934	
0.987631	0.980073	0.0123689	
0.987557	0.980197	0.0124426	
0.987486	0.980322	0.0125142	
0.987416	0.980448	0.0125839	
0.987348	0.980575	0.0126516	
0.987283	0.980702	0.0127174	
0.987219	0.98083	0.0127813	
0.987157	0.980958	0.0128433	
0.987097	0.981087	0.0129034	
0.987038	0.981217	0.0129616	
0.986982	0.981347	0.013018	
0.986928	0.981478	0.0130725	
0.986875	0.981609	0.0131251	
0.986824	0.981741	0.013176	
0.986775	0.981873	0.013225	
0.986728	0.982006	0.0132722	
0.986682	0.982139	0.0133176	
0.986639	0.982272	0.0133613	
0.986597	0.982406	0.0134032	
0.986557	0.982541	0.0134434	
0.986518	0.982676	0.0134818	
0.986481	0.982811	0.0135185	
0.986446	0.982946	0.0135535	
0.986413	0.983082	0.0135868	
0.986382	0.983218	0.0136184	
0.986352	0.983355	0.0136484	
0.986323	0.983492	0.0136767	
0.986297	0.983629	0.0137034	
0.986272	0.983766	0.0137285	
0.986248	0.983903	0.0137519	
0.986226	0.984041	0.0137738	
0.986206	0.984179	0.013794	
0.986187	0.984317	0.0138127	
0.98617	0.984456	0.0138299	
0.986155	0.984594	0.0138455	
0.98614	0.984733	0.0138596	
0.986128	0.984871	0.0138721	
0.986117	0.98501	0.0138832	
0.986107	0.985149	0.0138928	
0.986099	0.985288	0.0139009	
0.986092	0.985427	0.0139075	
0.986087	0.985566	0.0139127	
0.986083	0.985705	0.0139165	
0.986081	0.985845	0.0139189	
0.98608	0.985984	0.0139199	
0.986081	0.986123	0.0139194	
0.986082	0.986262	0.0139176	
0.986086	0.986401	0.0139145	
0.98609	0.98654	0.01391	
0.986096	0.986679	0.0139041	
0.986103	0.986818	0.013897	
0.986111	0.986957	0.0138885	
0.986121	0.987096	0.0138788	
0.986132	0.987235	0.0138677	
0.986145	0.987373	0.0138555	
0.986158	0.987512	0.0138419	
0.986173	0.98765	0.0138271	
0.986189	0.987788	0.0138112	
0.986206	0.987926	0.013794	
0.986224	0.988064	0.0137756	
0.986244	0.988201	0.013756	
0.986265	0.988339	0.0137352	
0.986287	0.988476	0.0137134	
0.98631	0.988613	0.0136903	
0.986334	0.988749	0.0136662	
0.986359	0.988886	0.0136409	
0.986385	0.989022	0.0136145	
0.986413	0.989158	0.0135871	
0.986441	0.989293	0.0135586	
0.986471	0.989429	0.013529	
0.986502	0.989564	0.0134984	
0.986533	0.989698	0.0134667	
0.986566	0.989833	0.013434	
0.9866	0.989967	0.0134004	
0.986634	0.9901	0.0133657	
0.98667	0.990234	0.0133301	
0.986707	0.990367	0.0132935	
0.986744	0.990499	0.0132559	
0.986783	0.990631	0.0132174	
0.986822	0.990763	0.013178	
0.986862	0.990895	0.0131377	
0.986904	0.991026	0.0130965	
0.986946	0.991156	0.0130544	
0.986989	0.991286	0.0130114	
0.987032	0.991416	0.0129676	
0.987077	0.991545	0.0129229	
0.987123	0.991674	0.0128774	
0.987169	0.991802	0.012831	
0.987216	0.99193	0.0127839	
0.987264	0.992057	0.012736	
0.987313	0.992184	0.0126873	
0.987362	0.992311	0.0126378	
0.987412	0.992436	0.0125875	
0.987463	0.992562	0.0125365	
0.987515	0.992687	0.0124848	
0.987568	0.992811	0.0124324	
0.987621	0.992935	0.0123793	
0.987675	0.993058	0.0123254	
0.987729	0.993181	0.0122709	
0.987784	0.993303	0.0122157	
0.98784	0.993425	0.0121599	
0.987897	0.993546	0.0121034	
0.987954	0.993666	0.0120463	
0.988011	0.993786	0.0119885	
0.98807	0.993905	0.0119302	
0.988129	0.994024	0.0118712	
0.988188	0.994142	0.0118117	
0.988248	0.99426	0.0117516	
0.988309	0.994376	0.0116909	
0.98837	0.994493	0.0116297	
0.988432	0.994608	0.0115679	
0.988494	0.994724	0.0115056	
0.988557	0.994838	0.0114428	
0.988621	0.994952	0.0113795	
0.988684	0.995065	0.0113157	
0.988749	0.995177	0.0112514	
0.988813	0.995289	0.0111866	
0.988879	0.9954	0.0111214	
0.988944	0.995511	0.0110557	
0.98901	0.995621	0.0109896	
0.989077	0.99573	0.0109231	
0.989144	0.995839	0.0108562	
0.989211	0.995947	0.0107888	
0.989279	0.996054	0.0107211	
0.989347	0.99616	0.0106529	
0.989416	0.996266	0.0105844	
0.989484	0.996371	0.0105156	
0.989554	0.996476	0.0104463	
0.989623	0.99658	0.0103768	
0.989693	0.996683	0.0103069	
0.989763	0.996785	0.0102367	
0.989834	0.996887	0.0101661	
0.989905	0.996988	0.0100953	
0.989976	0.997088	0.0100242	
0.990047	0.997187	0.00995277	
0.990119	0.997286	0.0098811	
0.990191	0.997384	0.00980917	
0.990263	0.997482	0.00973698	
0.990335	0.997578	0.00966455	
0.990408	0.997674	0.00959189	
0.990481	0.997769	0.00951901	
0.990554	0.997864	0.00944591	
0.990627	0.997958	0.00937261	
0.990701	0.998051	0.00929911	
0.990775	0.998143	0.00922543	
0.990848	0.998234	0.00915157	
0.990922	0.998325	0.00907754	
0.990997	0.998415	0.00900335	
0.991071	0.998504	0.00892902	
0.991145	0.998593	0.00885454	
0.99122	0.998681	0.00877994	
0.991295	0.998768	0.0087052	
0.99137	0.998854	0.00863036	
0.991445	0.99894	0.00855541	
0.99152	0.999025	0.00848036	
0.991595	0.999109	0.00840522	
0.99167	0.999192	0.00833	
0.991745	0.999274	0.00825471	
0.991821	0.999356	0.00817935	
0.991896	0.999437	0.00810394	
0.991972	0.999518	0.00802848	
0.992047	0.999597	0.00795298	
0.992123	0.999676	0.00787745	
0.992198	0.999754	0.00780189	
0.992274	0.999831	0.00772632	
0.992349	0.999908	0.00765073	
0.992425	0.999983	0.00757515	
0.9925	1.00006	0.00749957	
0.992576	1.00013	0.007424	
0.992652	1.00021	0.00734846	
0.992727	1.00028	0.00727294	
0.992803	1.00035	0.00719745	
0.992878	1.00042	0.00712201	
0.992953	1.00049	0.00704662	
0.993029	1.00056	0.00697129	
0.993104	1.00063	0.00689602	
0.993179	1.0007	0.00682081	
0.993254	1.00077	0.00674569	
0.993329	1.00083	0.00667065	
0.993404	1.0009	0.00659569	
0.993479	1.00096	0.00652084	
0.993554	1.00103	0.00644609	
0.993629	1.00109	0.00637144	
0.993703	1.00116	0.00629692	
0.993777	1.00122	0.00622251	
0.993852	1.00128	0.00614823	
0.993926	1.00134	0.00607409	
0.994	1.0014	0.00600008	
0.994074	1.00146	0.00592623	
0.994147	1.00152	0.00585252	
0.994221	1.00158	0.00577897	
0.994294	1.00163	0.00570559	
0.994368	1.00169	0.00563237	
0.994441	1.00174	0.00555933	
0.994514	1.0018	0.00548647	
Trep
