Trep
V1	V2	I
1	0	0	
0.904988	0.00475059	0.0950119	
0.819906	0.0185059	0.180094	
0.744619	0.0402796	0.255381	
0.678912	0.0691031	0.321088	
0.622498	0.104033	0.377502	
0.575031	0.144156	0.424969	
0.536112	0.188599	0.463888	
0.505298	0.236528	0.494702	
0.482111	0.287158	0.517889	
0.466049	0.33975	0.533951	
0.456586	0.393618	0.543414	
0.453184	0.44813	0.546816	
0.455302	0.502705	0.544698	
0.462393	0.556821	0.537607	
0.473919	0.610005	0.526081	
0.489348	0.661842	0.510652	
0.508163	0.711966	0.491837	
0.529863	0.760065	0.470137	
0.553969	0.805873	0.446031	
0.580021	0.849174	0.419979	
0.607589	0.889793	0.392411	
0.636266	0.927601	0.363734	
0.665674	0.962503	0.334326	
0.695465	0.994447	0.304535	
0.725318	1.02341	0.274682	
0.754945	1.04939	0.245055	
0.784086	1.07244	0.215914	
0.812509	1.09261	0.187491	
0.840013	1.10999	0.159987	
0.866423	1.12467	0.133577	
0.891594	1.13676	0.108406	
0.915403	1.14641	0.084597	
0.937754	1.15376	0.0622463	
0.958572	1.15894	0.0414277	
0.977806	1.16212	0.0221936	
0.995424	1.16346	0.00457604	
1.01141	1.16312	-0.0114111	
1.02577	1.16126	-0.0257708	
1.03852	1.15804	-0.0385214	
1.04969	1.15363	-0.0496945	
1.05933	1.14818	-0.0593339	
1.06749	1.14184	-0.0674936	
1.07424	1.13475	-0.0742368	
1.07963	1.12706	-0.079634	
1.08376	1.11889	-0.0837618	
1.0867	1.11037	-0.0867016	
1.08854	1.10161	-0.0885383	
1.08936	1.09271	-0.0893592	
1.08925	1.08378	-0.0892531	
1.08831	1.0749	-0.0883091	
1.08662	1.06616	-0.0866158	
1.08426	1.05761	-0.0842604	
1.08133	1.04933	-0.0813282	
1.0779	1.04137	-0.0779019	
1.07406	1.03377	-0.0740609	
1.06988	1.02658	-0.0698813	
1.06543	1.01981	-0.0654348	
1.06079	1.0135	-0.060789	
1.05601	1.00766	-0.0560071	
1.05115	1.0023	-0.0511474	
1.04626	0.997431	-0.0462635	
1.0414	0.993047	-0.041404	
1.03661	0.989147	-0.0366129	
1.03193	0.985719	-0.0319291	
1.02739	0.982754	-0.0273869	
1.02302	0.980234	-0.0230161	
1.01884	0.978141	-0.0188419	
1.01489	0.976454	-0.0148853	
1.01116	0.975152	-0.0111632	
1.00769	0.974209	-0.00768866	
1.00447	0.973601	-0.00447119	
1.00152	0.973302	-0.00151694	
0.998829	0.973285	0.00117104	
0.996408	0.973523	0.0035925	
0.99425	0.97399	0.00574976	
0.992353	0.97466	0.00764742	
0.990708	0.975507	0.00929212	
0.989308	0.976506	0.0106923	
0.988142	0.977633	0.0118578	
0.9872	0.978866	0.0127999	
0.986469	0.980183	0.0135309	
0.985936	0.981563	0.0140639	
0.985587	0.982986	0.0144126	
0.985409	0.984437	0.0145913	
0.985386	0.985897	0.0146143	
0.985504	0.987352	0.0144963	
0.985748	0.98879	0.0142518	
0.986105	0.990197	0.0138951	
0.98656	0.991564	0.0134403	
0.987099	0.992881	0.012901	
0.98771	0.994141	0.0122903	
0.988379	0.995336	0.0116209	
0.989095	0.996462	0.0109047	
0.989847	0.997515	0.010153	
0.990624	0.998492	0.00937615	
0.991416	0.99939	0.00858406	
0.992214	1.00021	0.00778568	
0.993011	1.00095	0.00698917	
0.993798	1.00161	0.00620194	
0.994569	1.00219	0.00543057	
